1509845312646, 37.400848, -122.047906, 26.710000, 624.450000, 0.000000, 65, 697, STAND
1509845313645, 37.400848, -122.047906, 26.710000, 624.450000, 0.000000, 65, 697, STAND
1509845314654, 37.400848, -122.047906, 26.910000, 628.940000, 4.800000, 65, 703, WALK
1509845315653, 37.400848, -122.047906, 26.940000, 629.690000, 4.600000, 65, 704, WALK
1509845316652, 37.400848, -122.047906, 26.970000, 630.430000, 4.200000, 65, 705, WALK
1509845317650, 37.400848, -122.047906, 27.030000, 631.870000, 3.800000, 65, 707, WALK
1509845318651, 37.400848, -122.047906, 27.090000, 633.330000, 4.000000, 65, 709, WALK
1509845319651, 37.400848, -122.047906, 27.120000, 634.060000, 4.100000, 65, 710, WALK
1509845320657, 37.400848, -122.047906, 27.180000, 635.540000, 4.200000, 65, 712, WALK
1509845321658, 37.400848, -122.047906, 27.210000, 636.280000, 4.200000, 65, 713, WALK
1509845322660, 37.400848, -122.047906, 27.310000, 638.500000, 4.300000, 65, 716, WALK
1509845323662, 37.400848, -122.047906, 27.370000, 639.980000, 4.300000, 65, 718, WALK
1509845324663, 37.400848, -122.047906, 27.400000, 640.720000, 4.300000, 65, 719, WALK
1509845325664, 37.400848, -122.047906, 27.460000, 642.210000, 4.500000, 65, 721, WALK
1509845326666, 37.400848, -122.047906, 27.520000, 643.710000, 4.600000, 65, 723, WALK
1509845327669, 37.400848, -122.047906, 27.550000, 644.460000, 4.600000, 65, 724, WALK
1509845328669, 37.400848, -122.047906, 27.580000, 645.210000, 4.500000, 65, 725, WALK
1509845329671, 37.400848, -122.047906, 27.640000, 646.690000, 4.300000, 65, 727, WALK
1509845330672, 37.400848, -122.047906, 27.640000, 646.690000, 4.300000, 65, 727, STAND
1509845331671, 37.400366, -122.046725, 27.700000, 648.170000, 4.300000, 65, 729, WALK
1509845332672, 37.400366, -122.046725, 27.730000, 648.910000, 4.300000, 65, 730, WALK
1509845333673, 37.400366, -122.046725, 27.790000, 650.390000, 4.300000, 65, 732, WALK
1509845334673, 37.400366, -122.046725, 27.850000, 651.860000, 4.200000, 65, 734, WALK
1509845335674, 37.400366, -122.046725, 27.910000, 653.340000, 4.200000, 65, 736, WALK
1509845336674, 37.400366, -122.046725, 27.940000, 654.080000, 4.200000, 65, 737, WALK
1509845337676, 37.400366, -122.046725, 28.030000, 656.290000, 4.400000, 65, 740, WALK
1509845338679, 37.400366, -122.046725, 28.060000, 657.030000, 4.500000, 65, 741, WALK
1509845339679, 37.400366, -122.046725, 28.090000, 657.770000, 4.500000, 65, 742, WALK
1509845340679, 37.400366, -122.046725, 28.150000, 659.260000, 4.500000, 65, 744, WALK
1509845341676, 37.400366, -122.046725, 28.210000, 660.760000, 4.600000, 65, 746, WALK
1509845342676, 37.400366, -122.046725, 28.270000, 662.260000, 4.700000, 65, 748, WALK
1509845343677, 37.400366, -122.046725, 28.330000, 663.760000, 4.700000, 65, 750, WALK
1509845344677, 37.399695, -122.046602, 28.390000, 665.260000, 4.700000, 65, 752, WALK
1509845345677, 37.399695, -122.046602, 28.450000, 666.770000, 4.800000, 65, 754, WALK
1509845346677, 37.399695, -122.046602, 28.480000, 667.520000, 4.700000, 65, 755, WALK
1509845347679, 37.399695, -122.046602, 28.540000, 669.020000, 4.700000, 65, 757, WALK
1509845348686, 37.399695, -122.046602, 28.570000, 669.780000, 4.800000, 65, 758, WALK
1509845349688, 37.399695, -122.046602, 28.630000, 671.300000, 4.900000, 65, 760, WALK
1509845350685, 37.399695, -122.046602, 28.690000, 672.820000, 4.800000, 65, 762, WALK
1509845351686, 37.399695, -122.046602, 28.780000, 675.100000, 5.100000, 65, 765, WALK
1509845352691, 37.399695, -122.046602, 28.840000, 676.650000, 5.500000, 65, 767, WALK
1509845353689, 37.399695, -122.046602, 28.900000, 678.210000, 5.500000, 65, 769, WALK
1509845354689, 37.399695, -122.046602, 28.930000, 678.980000, 5.400000, 65, 770, WALK
1509845355689, 37.399695, -122.046602, 28.930000, 678.980000, 5.400000, 65, 770, STAND
1509845356690, 37.399695, -122.046602, 28.990000, 680.520000, 5.300000, 65, 770, STAND
1509845357692, 37.399695, -122.046602, 29.050000, 682.060000, 5.400000, 65, 774, STAND
1509845358692, 37.399695, -122.046602, 29.110000, 683.600000, 5.200000, 65, 776, STAND
1509845359693, 37.399695, -122.046602, 29.140000, 684.370000, 5.300000, 65, 777, STAND
1509845360695, 37.399695, -122.046602, 29.200000, 685.910000, 5.300000, 65, 779, STAND
1509845361695, 37.397576, -122.046870, 29.260000, 687.440000, 4.900000, 65, 781, STAND
1509845362695, 37.397576, -122.046870, 29.320000, 688.960000, 4.800000, 65, 781, STAND
1509845363697, 37.397576, -122.046870, 29.380000, 690.480000, 4.900000, 65, 781, STAND
1509845364699, 37.397576, -122.046870, 29.440000, 692.000000, 5.000000, 65, 781, STAND
1509845365700, 37.397576, -122.046870, 29.500000, 693.520000, 6.000000, 65, 789, RUN
1509845366701, 37.397576, -122.046870, 29.530000, 694.280000, 6.900000, 65, 790, RUN
1509845367701, 37.397576, -122.046870, 29.590000, 695.800000, 6.900000, 65, 792, RUN
1509845368702, 37.397576, -122.046870, 29.650000, 697.320000, 7.000000, 65, 794, RUN
1509845369703, 37.397576, -122.046870, 29.710000, 698.850000, 7.000000, 65, 796, RUN
1509845370706, 37.397576, -122.046870, 29.770000, 700.390000, 7.100000, 65, 798, RUN
1509845371706, 37.397576, -122.046870, 29.830000, 701.910000, 7.000000, 65, 800, RUN
1509845372708, 37.397576, -122.046870, 29.890000, 703.430000, 7.000000, 65, 802, RUN
1509845373709, 37.396434, -122.047197, 29.950000, 704.950000, 7.100000, 65, 804, RUN
1509845374709, 37.396434, -122.047197, 29.980000, 705.710000, 7.100000, 65, 805, RUN
1509845375709, 37.396434, -122.047197, 30.010000, 706.470000, 7.000000, 65, 806, RUN
1509845376710, 37.396434, -122.047197, 30.070000, 707.990000, 7.900000, 65, 808, RUN
1509845377710, 37.396434, -122.047197, 30.130000, 709.510000, 7.900000, 65, 810, RUN
1509845378712, 37.396434, -122.047197, 30.160000, 710.270000, 7.900000, 65, 811, RUN
1509845379712, 37.396434, -122.047197, 30.220000, 711.770000, 7.600000, 65, 813, RUN
1509845380714, 37.396434, -122.047197, 30.250000, 712.520000, 7.500000, 65, 814, RUN
1509845381715, 37.396434, -122.047197, 30.310000, 714.020000, 7.500000, 65, 816, RUN
1509845382716, 37.396434, -122.047197, 30.400000, 716.260000, 7.500000, 65, 819, RUN
1509845383718, 37.396434, -122.047197, 30.430000, 717.000000, 7.500000, 65, 820, RUN
1509845384719, 37.396434, -122.047197, 30.490000, 718.500000, 7.600000, 65, 822, RUN
1509845385720, 37.396434, -122.047197, 30.550000, 720.000000, 7.700000, 65, 824, RUN
1509845386720, 37.395880, -122.047422, 30.610000, 721.510000, 7.800000, 65, 826, RUN
1509845387720, 37.395880, -122.047422, 30.670000, 723.020000, 7.800000, 65, 828, RUN
1509845388720, 37.395880, -122.047422, 30.730000, 724.540000, 7.000000, 65, 830, RUN
1509845389722, 37.395880, -122.047422, 30.760000, 725.300000, 7.000000, 65, 831, RUN
1509845390722, 37.395880, -122.047422, 30.820000, 726.820000, 7.900000, 65, 833, RUN
1509845391722, 37.395880, -122.047422, 30.880000, 728.340000, 7.900000, 65, 835, RUN
1509845392724, 37.395880, -122.047422, 30.940000, 729.860000, 7.900000, 65, 837, RUN
1509845393724, 37.395880, -122.047422, 31.000000, 731.380000, 7.900000, 65, 839, RUN
1509845394724, 37.395880, -122.047422, 31.060000, 732.900000, 7.800000, 65, 841, RUN
1509845395724, 37.395880, -122.047422, 31.090000, 733.650000, 7.800000, 65, 842, RUN
1509845396740, 37.395880, -122.047422, 31.090000, 733.650000, 7.800000, 65, 842, RUN
